function m3 = cf2m3(cf)

m3 = 0.0283168466*cf;